329,36
329,35
10,169
83,2
83,1
10,147
81,3
10,1
81,1
80,3
10,109
80,2
10,2
80,1
10,3
11,14
11,8
11,4
11,7
11,5
11,18
79,4
79,3
11,17
79,2
11,1
79,1
11,24
78,5
9,5
78,3
78,1
8,10
77,8
8,15
8,7
8,13
77,7
77,4
77,3
8,14
77,1
75,5
75,3
75,1
74,5
74,4
74,3
74,2
74,1
73,9
73,8
73,7
73,6
73,5
73,4
73,3
73,2
73,1
66,3
66,1
64,6
64,5
64,4
64,3
64,2
64,1
62,2
54,5
54,4
54,3
54,2
54,1
50,5
50,4
50,3
50,2
50,1
48,3
48,1
46,3
46,1
38,13
38,12
38,11
38,10
38,9
38,8
38,7
38,6
38,5
38,4
38,3
38,2
38,1
37,2
36,2
35,2
34,4
34,1
33,3
33,1
30,4
30,3
30,2
30,1
29,9
29,8
29,7
29,6
29,5
29,4
29,3
29,2
29,1
28,4
28,3
28,1
20,3
20,2
20,1
19,3
19,2
19,1
14,69
14,35
14,19
14,17
14,16
14,14
18,1
14,13
18,3
14,11
14,4
14,1
13,5
12,3
14,3
12,2
13,1
12,1
11,3
13,4
11,2
9,7
9,6
9,4
9,3
13,3
9,2
9,1
8,16
8,12
8,11
8,9
8,3
8,2
8,1
2,3
2,2
2,1
0,556
0,550
0,544
0,540
0,539
0,537
0,536
0,535
0,528
0,526
0,514
